id2,seq2,E,ED1,ED2,Pu1,Pu2,subseqDB,hybridDB,E_hybrid,seedStart1,seedEnd1,seedStart2,seedEnd2,seedE,seedED1,seedED2,seedPu1,seedPu2,P_E
AU-118-119,GUUGACGUGCCUCUGAGGCUAGCUACAACGAAAGACCUC,-12.14,10.01,8.65,8.83869e-08,8.0301e-07,110GAGGUCUUAUCAGAGGCACGU&5ACGUGCCUCUGAGGCUAGCUACAACGAAAGACCUC,110||||||||.||||||||||||&5||||||||||||...............||||||||,-30.8,124:122:112:125:111:113,128:126:116:129:115:117,7:9:33:6:34:32,11:13:37:10:38:36,-1.72:-1.26:-1.07:-1.01:-0.54:-0.14,3.13:4.33:5.57:2.58:5.62:3.87,3.67:3.71:0.01:3.67:0.03:0,0.006229094864982924:0.00088886757612024179:0.0001188674431769937:0.015204987129070091:0.00010960493095863472:0.0018749042143969654,0.0025936442002106909:0.0024306595629369496:0.98390560434903551:0.0025936442002106909:0.95248973283680904:1,12.3302
AU-135-136,AGUGCCAUCUUUAAGAGGCUAGCUACAACGAGUUGACGU,-8.69,1.79,1.45,0.0547854,0.0951148,127ACGUCAACAUC&30GAGUUGACGU,127||||||||.||&30||||||||||,-11.93,128:127:130:129,132:131:134:133,34:35:32:33,38:39:36:37,-3.54:-3.13:-2.37:-1.82,1.41:1.49:1.45:1.27,1.26:0.94:0.89:1.4,0.10149256777970811:0.089137759749932738:0.095114773422173421:0.12737557566092775,0.12945914231802855:0.2175819310973979:0.23596938207845239:0.10315274893352894,0.485495
AU-144-145,UAAGCCACAAGUGCCAGGCUAGCUACAACGACUUUAAGA,-12.35,8.84,4.53,5.89978e-07,0.000642548,136UCUUAAAGAUGGCACUUGUGG&5CCACAAGUGCCAGGCUAGCUACAACGACUUUAAGA,136||||||||.||||||||||||&5||||||||||||...............||||||||,-25.72,147:146:148:137:136:149:150:145:152,151:150:152:141:140:153:154:149:156,10:11:9:34:35:8:7:12:5,14:15:13:38:39:12:11:16:9,-4.01:-2.93:-2.14:-1.95:-1.89:-1.88:-1.47:-0.47:-0.25,1.31:5.44:2.11:0.86:0.95:2.06:2.19:5.55:2.88,0.07:0.07:0.07:0.04:0.04:0.07:0.07:0.07:2.93,0.11937129273154835:0.00014678047030786196:0.03259677564799577:0.24773955449961921:0.21408008141181548:0.035351469529720958:0.028628732328855686:0.00012278803590686318:0.0093452104666742232,0.89263526490294254:0.89263526490294254:0.89263526490294254:0.93715998622305208:0.93715998622305208:0.89263526490294254:0.89263526490294254:0.89263526490294254:0.008617003282123132,0.588182
AU-204-205,ACGUUUGAUGAACACAGGCUAGCUACAACGAAGGGCUGU,-13.69,6.77,7.02,1.69619e-05,1.1306e-05,196ACAGCCCUAUGUGUUCAUCAA&5UUGAUGAACACAGGCUAGCUACAACGAAGGGCUGU,196||||||||.||||||||||||&5||||||||||||...............||||||||,-27.48,210:199:211:208:207:198:212:209:197,214:203:215:212:211:202:216:213:201,7:32:6:9:10:33:5:8:34,11:36:10:13:14:37:9:12:38,-3.54:-3.24:-3.23:-1.87:-1.6:-1.37:-1.26:-0.26:-0.17,1.33:0.79:1.24:1.78:1.93:2.61:0.9:1.56:3.28,0.6:4.51:0.48:0.43:0.97:4.58:0.6:0.42:4.58,0.11555979579716118:0.27753726996944972:0.13372907997817871:0.05568154927848664:0.04365287235059153:0.01448259412835509:0.23217159748176816:0.079567507787236078:0.0048834467884657819,0.3777513801358231:0.00066374136223768356:0.45894944370876301:0.49773442165437909:0.2072445554210775:0.00059247894670807447:0.3777513801358231:0.50587619325909472:0.00059247894670807447,1.0477
AU-212-213,GCAUCCGAACGUUUGAGGCUAGCUACAACGAGAACACAU,-14.08,7.55,3.59,4.78457e-06,0.00295313,204AUGUGUUCAUCAAACGUUCGG&5CCGAACGUUUGAGGCUAGCUACAACGAGAACACAU,204||||||||.||||||||||||&5||||||||||||...............||||||||,-25.22,220:207:218:205:219:204:206:216:217:214,224:211:222:209:223:208:210:220:221:218,5:32:7:34:6:35:33:9:8:11,9:36:11:38:10:39:37:13:12:15,-2.95:-2.49:-2.05:-1.88:-1.69:-1.59:-1.21:-0.83:-0.74:-0.64,2.33:1.93:1.31:2.33:1.91:1.81:2.57:1.21:1.27:0.99,0.11:0.13:1.75:0.08:1.15:0.08:0.1:1.8:1.61:1.97,0.022811308535854526:0.04365287235059153:0.11937129273154835:0.022811308535854526:0.045092670577939746:0.053036103996205355:0.015453705174420573:0.14039949761966689:0.12737557566092775:0.20062728614652683,0.83654205255865199:0.80983146414286133:0.058458949591666226:0.87826883977759107:0.15475509201487742:0.87826883977759107:0.850225924988118:0.053903650677236174:0.073367365903421397:0.040909725250677001,0.705951
AU-225-226,AGGUGCAGUUCGAGCAGGCUAGCUACAACGACCGAACGU,-14.21,9.8,7.27,1.2427e-07,7.5361e-06,217ACGUUCGGAUGCUCGAACUGC&5GCAGUUCGAGCAGGCUAGCUACAACGACCGAACGU,217||||||||.||||||||||||&5||||||||||||...............||||||||,-31.28,218:217:219:220:230,222:221:223:224:234,34:35:33:32:8,38:39:37:36:12,-3.43:-2.11:-1.46:-0.84:-0.12,1.31:1.27:1.91:2.33:2.51,0.17:0.17:2.36:2.19:2.23,0.11937129273154835:0.12737557566092775:0.045092670577939746:0.022811308535854526:0.017033818544826766,0.75894164377911799:0.75894164377911799:0.021727537172974109:0.028628732328855686:0.026829702394893837,0.80691
AU-243-244,AACCAUAACAUGACCAGGCUAGCUACAACGAGAGGUGCA,-17.02,7.26,2.82,7.65937e-06,0.0103007,235UGCACCUCAUGGUCAUGUUAU&5AUAACAUGACCAGGCUAGCUACAACGAGAGGUGCA,235||||||||.||||||||||||&5||||||||||||...............||||||||,-27.1,236:244:245:238:246:247:248:251:237:235:250:249,240:248:249:242:250:251:252:255:241:239:254:253,34:12:11:32:10:9:8:5:33:35:6:7,38:16:15:36:14:13:12:9:37:39:10:11,-4.57:-4.46:-4.45:-2.48:-2.24:-2.23:-2.07:-1.74:-1.73:-1.45:-0.91:-0.04,2.39:2.51:2.34:2.4:2.15:1.77:1.52:1:2.35:2.2:0.92:1.87,2.28:0.31:0.3:1.8:0.29:0.3:0.21:0.1:2.25:2:0.09:0.17,0.020695256077087946:0.017033818544826766:0.022444174310962271:0.020362178437685265:0.030548393817191644:0.05659236926018555:0.084902800969885103:0.19739831122490537:0.02208294888954242:0.028167970183769511:0.22475841369357205:0.048116299501510397,0.024739050492189045:0.60472296845307305:0.61461482258063305:0.053903650677236174:0.6246684843179342:0.61461482258063305:0.71124974042813871:0.850225924988118:0.02597303639012306:0.038966093274444599:0.864133633582297:0.75894164377911799,0.463268
AU-249-250,CAGCUCAACCAUAACAGGCUAGCUACAACGAGACCAUGA,-16.21,4.75,4.44,0.000449657,0.000743575,241UCAUGGUCAUGUUAUGGUUGA&5UCAACCAUAACAGGCUAGCUACAACGAGACCAUGA,241||||||||.||||||||||||&5||||||||||||...............||||||||,-25.4,244:242:253:243:241:251:254:250:256,248:246:257:247:245:255:258:254:260,32:34:9:33:35:11:8:12:6,36:38:13:37:39:15:12:16:10,-4.66:-3.77:-2.01:-1.99:-1.74:-1.25:-1.21:-0.95:-0.4,2.51:2.52:1.17:2.76:2.41:1:1.2:0.92:3.31,0.02:0.04:2.01:0.03:0.03:0:2.01:0:2.07,0.017033818544826766:0.016759669529719572:0.14981379880025161:0.011353973461273164:0.020034461481593619:0.19739831122490537:0.14269610519451911:0.22475841369357205:0.0046514329268685416,0.96807023826944083:0.93715998622305208:0.03833895755231332:0.95248973283680904:0.95248973283680904:1:0.03833895755231332:1:0.034782508992266627,0.592946
AU-254-255,GCUACCAGCUCAACCAGGCUAGCUACAACGAAACAUGAC,-12.48,10.4,5.63,4.69431e-08,0.000107841,246GUCAUGUUAUGGUUGAGCUGG&5CCAGCUCAACCAGGCUAGCUACAACGAAACAUGAC,246||||||||.||||||||||||&5||||||||||||...............||||||||,-28.51,259:260:247:248:256:246:258:255:249:257,263:264:251:252:260:250:262:259:253:261,8:7:34:33:11:35:9:12:32:10,12:11:38:37:15:39:13:16:36:14,-4.04:-3.37:-2.5:-2.36:-2.21:-1.8:-1.07:-0.69:-0.34:-0.34,1.94:2.02:1.77:1.52:3.31:2.15:1.9:2.94:1.87:3.18,0.88:0.88:0.03:0.03:0.09:0.03:0.66:0.06:0.02:0.58,0.042950305751680067:0.037721915200620834:0.05659236926018555:0.084902800969885103:0.0046514329268685416:0.030548393817191644:0.045830281257289544:0.008478317821974982:0.048116299501510397:0.0057437048729536517,0.23982928955321148:0.23982928955321148:0.95248973283680904:0.95248973283680904:0.864133633582297:0.95248973283680904:0.34270991219537217:0.90723669115953587:0.96807023826944083:0.39021071530006524,0.604188
AU-284-285,CUACGACCGUACUGAAGGCUAGCUACAACGAGCCUUCGA,-13.46,5.69,11.5,9.78372e-05,7.87861e-09,276UCGAAGGCAUUCAGUACGGUC&5GACCGUACUGAAGGCUAGCUACAACGAGCCUUCGA,276||||||||.||||||||||||&5||||||||||||...............||||||||,-30.65,292:291:290:289:288,296:295:294:293:292,5:6:7:8:9,9:10:11:12:13,-6.82:-4.19:-3.97:-3.16:-1.75,1.6:1.53:1.89:1.68:1.41,0.29:0.29:0.29:0.3:0.96,0.074567484501688736:0.083536341699200684:0.046579957523070967:0.065490298098431682:0.10149256777970811,0.6246684843179342:0.6246684843179342:0.6246684843179342:0.61461482258063305:0.21063459188058303,10.2128
AU-330-331,UGGUAUUUCGCCCACAGGCUAGCUACAACGAGAGGGACA,-13.8,11.42,5.3,8.97061e-09,0.000184213,322UGUCCCUCAUGUGGGCGAAAU&5AUUUCGCCCACAGGCUAGCUACAACGAGAGGGACA,322||||||||.||||||||||||&5||||||||||||...............||||||||,-30.52,325:323:324:334:322:332:333:335:336,329:327:328:338:326:336:337:339:340,32:34:33:9:35:11:10:8:7,36:38:37:13:39:15:14:12:11,-4.96:-4.76:-3.18:-2.75:-2.39:-1.17:-1.11:-1.11:-0.65,3.39:3.17:3.09:3.57:3.74:3.99:3.87:2.99:1.8,0.2:0.19:0.19:4.08:0.14:2.25:3.27:4.09:3.07,0.0040852085999841213:0.0058376584578494805:0.0066467785186683668:0.0030505353035982031:0.0023151782777190498:0.0015431931867867349:0.0018749042143969654:0.00781766154538425:0.053903650677236174,0.72288412352190079:0.73470881792585185:0.73470881792585185:0.0013335251358174652:0.79679771614834627:0.02597303639012306:0.0049633285620897831:0.001312062854671114:0.0068660085352385183,0.397326
AU-341-342,CGGUAAGCCACUGGUAGGCUAGCUACAACGAUUCGCCCA,-12.23,10.75,7.6,2.66037e-08,4.41174e-06,333UGGGCGAAAUACCAGUGGCUU&5AAGCCACUGGUAGGCUAGCUACAACGAUUCGCCCA,333||||||||.||||||||||||&5||||||||||||...............||||||||,-30.58,334:335:333:336:343:344:342:347:348,338:339:337:340:347:348:346:351:352,34:33:35:32:11:10:12:7:6,38:37:39:36:15:14:16:11:10,-6.8:-5.13:-4.82:-3.53:-3.31:-2.31:-1.98:-1.58:-0.41,3.57:2.99:3.87:1.8:2.68:3.79:2.56:4.23:3.84,0.11:0.11:0.11:0.1:0.08:0.08:0.08:1.86:1.94,0.0030505353035982031:0.00781766154538425:0.0018749042143969654:0.053903650677236174:0.012927674246246043:0.0021347725542349406:0.015706491665574911:0.0010454486860450218:0.001968424592686078,0.83654205255865199:0.83654205255865199:0.83654205255865199:0.850225924988118:0.87826883977759107:0.87826883977759107:0.87826883977759107:0.048903369681835236:0.042950305751680067,0.371705
AU-384-385,GCCACCAGCUCCUUUAGGCUAGCUACAACGAUACCGUUC,-15.32,3.64,1.38,0.00272302,0.106555,385UAAAGGAGCUGG&5CCAGCUCCUUUA,385||||||||||||&5||||||||||||,-20.34,389:392:388:390:391:386:387,393:396:392:394:395:390:391,8:5:9:7:6:11:10,12:9:13:11:10:15:14,-4.72:-3.91:-2.96:-2.79:-2.01:-1.74:-1.65,2.61:3.49:2.33:2.94:2.98:1.53:1.69,1.31:1.35:1.31:1.33:1.35:0.42:1.14,0.01448259412835509:0.0034733502606909125:0.022811308535854526:0.008478317821974982:0.0079455402132367296:0.083536341699200684:0.064436271329535916,0.11937129273154835:0.11186999905172575:0.11937129273154835:0.11555979579716118:0.11186999905172575:0.50587619325909472:0.15728652355554509,1.8161
AU-402-403,AUCGGCGCCGUAACUAGGCUAGCUACAACGAGGCCACCA,-11.32,12.61,9.42,1.30101e-09,2.30216e-07,394UGGUGGCCAUAGUUACGGCGC&5GCGCCGUAACUAGGCUAGCUACAACGAGGCCACCA,394||||||||.||||||||||||&5||||||||||||...............||||||||,-33.35,397:396:395:410,401:400:399:414,32:33:34:5,36:37:38:9,-3.05:-2.16:-1.73:-0.9,3.12:2.79:2.61:4.44,3.18:3.16:3.17:4.46,0.0063309882954718736:0.010814543148764285:0.01448259412835509:0.00074357510658046061,0.0057437048729536517:0.0059331489037627244:0.0058376584578494805:0.00071983293059857195,0.940219
AU-417-418,GUCAAAUGACUUUAGAGGCUAGCUACAACGACGGCGCCG,-14.28,6.21,7.39,4.20807e-05,6.2028e-06,409CGGCGCCGAUCUAAAGUCAUU&5AAUGACUUUAGAGGCUAGCUACAACGACGGCGCCG,409||||||||.||||||||||||&5||||||||||||...............||||||||,-27.88,418:419:422:423:410:424:411,422:423:426:427:414:428:415,12:11:8:7:34:6:33,16:15:12:11:38:10:37,-1.68:-1.16:-0.75:-0.58:-0.55:-0.36:-0.02,0.48:0.74:2.45:2.53:4.44:2.63:4.78,0.01:0.01:1.72:1.69:4.87:1.72:4.85,0.45894944370876301:0.30099143696410963:0.018775495646076539:0.016489932777328867:0.00074357510658046061:0.014020168348596316:0.0004282936240962455,0.98390560434903551:0.98390560434903551:0.061374886863669799:0.064436271329535916:0.00037010292563041897:0.061374886863669799:0.00038230999260139366,2.84505
AU-427-428,CGUCGCCUAAGUCAAAGGCUAGCUACAACGAGACUUUAG,-7.82,10.42,4.45,4.54442e-08,0.000731608,423AGUCAUUUGACUUAGGC&5GCCUAAGUCAAAGGCU,423||||.||||||||||||&5||||||||||||||||,-22.69,430,434,10,14,-0.48,4.62,0.15,0.00055524756153438738,0.78397373845086993,248.638
AU-456-457,AAAAUCUUCAUAAGGAGGCUAGCUACAACGACAGUGCCA,-11.36,10.33,5.4,5.25893e-08,0.000156623,448UGGCACUGAUCCUUAUGAAGA&5UCUUCAUAAGGAGGCUAGCUACAACGACAGUGCCA,448||||||||.||||||||||||&5||||||||||||...............||||||||,-27.09,464:449:463:450:451:462,468:453:467:454:455:466,5:34:6:33:32:7,9:38:10:37:36:11,-2.62:-2.57:-2.57:-1.62:-0.31:-0.13,1.22:2.9:1.45:2.91:2.81:1.35,0.83:2.44:0.82:2.43:2.43:0.79,0.13813985255577935:0.0090468201231513872:0.095114773422173421:0.0089012170207062816:0.010469237362799389:0.11186999905172575,0.26009682410095297:0.019082618864132456:0.26435140012545855:0.019394765900086271:0.019394765900086271:0.27753726996944972,1.39126
AU-462-463,UUCUUGAAAAUCUUCAGGCUAGCUACAACGAAAGGAUCA,-9.4,7.39,4.03,6.2028e-06,0.00144622,454UGAUCCUUAUGAAGAUUUUCA&5UGAAAAUCUUCAGGCUAGCUACAACGAAAGGAUCA,454|||||||..||||||||||||&5||||||||||||................|||||||,-20.82,455:463:456:464:466:454,459:467:460:468:470:458,34:12:33:11:9:35,38:16:37:15:13:39,-1.72:-0.34:-0.28:-0.22:-0.17:-0.09,3.9:1.45:3.6:1.22:1:3.38,0.25:3.16:0.25:3.02:0.83:0.09,0.0017858270142655744:0.095114773422173421:0.0029056035563335041:0.13813985255577935:0.19739831122490537:0.0041520330628535725,0.66655479694078379:0.0059331489037627244:0.66655479694078379:0.0074462423567716388:0.26009682410095297:0.864133633582297,0.463498
AU-468-469,CCAGUUUUCUUGAAAAGGCUAGCUACAACGACUUCAUAA,-7.1,3.94,3.31,0.00167361,0.00465143,461UAUGAAGAUUUUCAAGAAAA&5UUUUCUUGAAAAGGCUAGCUACAACGACUUCAUA,461|||||||.||||||||||||&5||||||||||||...............|||||||,-14.35,463:472:473:462:461,467:476:477:466:465,32:9:8:33:34,36:13:12:37:38,-3.02:-1.75:-1.48:-0.94:-0.3,1.45:1.23:1.23:1.35:2.39,0.03:1.17:2.03:0.03:0.01,0.095114773422173421:0.13591657511358074:0.13591657511358074:0.11186999905172575:0.020695256077087946,0.95248973283680904:0.14981379880025161:0.03711480377266993:0.95248973283680904:0.98390560434903551,0.413872
AU-495-496,GGUAACACCACUGCUAGGCUAGCUACAACGAGUUUAGUG,-9.58,7.83,8.42,3.03766e-06,1.16625e-06,487CACUAAACAUAGCAGUGGUGU&5ACACCACUGCUAGGCUAGCUACAACGAGUUUAGUG,487||||||||.||||||||||||&5||||||||||||...............||||||||,-25.83,497:496:498:501:500,501:500:502:505:504,11:12:10:7:8,15:16:14:11:12,-1.93:-1.46:-0.7:-0.29:-0.16,0.67:0.15:2.04:4.44:4.37,3.38:3.38:3.29:1.46:1.57,0.33719420327499255:0.78397373845086993:0.036517463436244658:0.00074357510658046061:0.00083301112539096328,0.0041520330628535725:0.0041520330628535725:0.0048048506637117776:0.093583958626465111:0.078286916835947101,1.90724
AU-521-522,CCGUUAAGCUCACGCAGGCUAGCUACAACGAGAGUUCAC,-13.84,7.83,6.73,3.03766e-06,1.80993e-05,513GUGAACUCAUGCGUGAGCUUA&5UAAGCUCACGCAGGCUAGCUACAACGAGAGUUCAC,513||||||||.||||||||||||&5||||||||||||...............||||||||,-28.4,523:522:516:515:514:524:513,527:526:520:519:518:528:517,11:12:32:33:34:10:35,15:16:36:37:38:14:39,-4.5:-3.72:-3.15:-1.85:-0.7:-0.69:-0.35,1.84:0.67:1.58:1.54:2.94:2.13:2.97,1.03:0.95:0.31:0.19:0.19:2.46:0.19,0.050516344526050881:0.33719420327499255:0.077026936222095221:0.082191874764659584:0.008478317821974982:0.031555968368370775:0.0080755106771585074,0.18801986472104737:0.21408008141181548:0.60472296845307305:0.73470881792585185:0.73470881792585185:0.018473315390605632:0.73470881792585185,0.793723
GU-14-15,UCGUUGAAACCAGGGAGGCUAGCUACAACGAAAGGCUCU,-15.02,7.95,7.09,2.50023e-06,1.00922e-05,6AGAGCCUUGUCCCUGGUUUCA&5UGAAACCAGGGAGGCUAGCUACAACGAAAGGCUCU,6||||||||.||||||||||||&5||||||||||||.|..............|||||||,-30.06,16:17:15:18:7:19:21:20:8:22,20:21:19:22:11:23:25:24:12:26,11:10:12:9:34:8:6:7:33:5,15:14:16:13:38:12:10:11:37:9,-5.1:-4.97:-4.21:-4.05:-3.2:-3:-2.97:-2.61:-2.22:-0.3,1.5:1.46:0.18:1.34:4.5:1.18:0.91:1.03:4.49:0.7,2.54:1.65:1.89:0.65:0.42:0.54:0.67:0.39:0.42:0.67,0.087703141377076715:0.093583958626465111:0.74672693668814361:0.11369993072225701:0.00067459861932265685:0.14740263624838637:0.22843493593298012:0.18801986472104737:0.00068563347575297114:0.3211740165915184,0.016224537274952728:0.068756959619272029:0.046579957523070967:0.34831584521984038:0.50587619325909472:0.41637577471984782:0.33719420327499255:0.53110933989014131:0.50587619325909472:0.33719420327499255,1.27333
GU-21-22,UGUUUUCUCGUUGAAAGGCUAGCUACAACGACAGGGACA,-10.76,6.61,9.04,2.19897e-05,4.26486e-07,13UGUCCCUGGUUUCAACGAGAA&5UUCUCGUUGAAAGGCUAGCUACAACGACAGGGACA,13||||||||.||||||||||||&5||||||||||||...............||||||||,-26.41,14:15:16:13,18:19:20:17,34:33:32:35,38:37:36:39,-6.55:-3.63:-3.61:-3.59,0.14:0.18:1.5:0.03,2.8:2.84:2.63:2.66,0.79679771614834627:0.74672693668814361:0.087703141377076715:0.95248973283680904,0.010640489612543654:0.0099718410986979374:0.014020168348596316:0.01335406640468159,0.518125
GU-41-42,GGCAAACUGAGUUGGAGGCUAGCUACAACGAGUGUGUUU,-11.19,4.55,8.86,0.000622032,5.7114e-07,33AAACACACGUCCAACUCAGUU&5AACUGAGUUGGAGGCUAGCUACAACGAGUGUGUUU,33||||||||.||||||||||||&5||||||||||||.|..............|||||||,-24.6,48:47:49,52:51:53,6:7:5,10:11:9,-0.86:-0.65:-0.64,0.93:0.98:0.89,2.61:4.77:2.59,0.22114106285770455:0.20390907954962245:0.23596938207845239,0.01448259412835509:0.00043529950658184369:0.014960272050347015,588817
GU-51-52,CUGUAAAACAGGCAAAGGCUAGCUACAACGAUGAGUUGG,-9.18,7,6.86,1.1679e-05,1.46574e-05,43CCAACUCAGUUUGCCUGUUUU&5AAAACAGGCAAAGGCUAGCUACAACGAUGAGUUGG,43||||||||.||||||||||||&5||||||||||||...............||||||||,-23.04,45:55:46:43:44,49:59:50:47:48,33:9:32:35:34,37:13:36:39:38,-1.9:-1.21:-1.19:-0.56:-0.13,0.12:5.75:0.11:1.6:0.14,3.24:2.44:3.19:3.23:3.23,0.82307841378610314:8.8761521715508427e-05:0.83654205255865199:0.074567484501688736:0.79679771614834627,0.0052108998039353729:0.019082618864132456:0.0056512634142259627:0.0052961379434188407:0.0052961379434188407,0.565135
GU-59-60,UCGCGAACCUGUAAAAGGCUAGCUACAACGAAGGCAAAC,-8.9,4.12,2.25,0.00124973,0.025973,60UUUUACAGGUUC&5GAACCUGUAAAA,60||||||||||||&5||||||||||||,-15.27,64:65,68:69,8:7,12:11,-0.9:-0.7,3.84:3.74,2.24:2.24,0.001968424592686078:0.0023151782777190498,0.026397894549352773:0.026397894549352773,211
GU-68-69,ACGAGCACGUCGCGAAGGCUAGCUACAACGACUGUAAAA,-12.31,7.44,6.63,5.71946e-06,2.12876e-05,60UUUUACAGGUUCGCGACGUGC&5GCACGUCGCGAAGGCUAGCUACAACGACUGUAAAA,60||||||||.||||||||||||&5||||||||||||...............||||||||,-26.38,71:70:76:72:69:63,75:74:80:76:73:67,10:11:5:9:12:32,14:15:9:13:16:36,-1.26:-1.21:-1.09:-0.98:-0.87:-0.78,3.7:2.87:2.11:3.52:3.09:3.72,2.76:2.71:3.04:2.76:0.57:0.87,0.0024704194713324199:0.0094980762639899109:0.03259677564799577:0.0033083304618541482:0.0066467785186683668:0.0023915395662382419,0.011353973461273164:0.012313476989008188:0.0072084856125319225:0.011353973461273164:0.39659365042262729:0.24375233609110866,0.616697
GU-77-78,AAGCCACGUACGAGCAGGCUAGCUACAACGAGUCGCGAA,-7.03,4.53,2.46,0.000642548,0.0184733,81UCGUACGUG&5CACGUACGA,81|||||||||&5|||||||||,-14.02,82:83:81,86:87:85,8:7:9,12:11:13,-1.18:-1.09:-1,4.1:4.31:2.03,0.53:0.83:0.53,0.0012909459959691031:0.00091818500453976978:0.03711480377266993,0.42318670904952038:0.26009682410095297:0.42318670904952038,0.117109
GU-83-84,UCUCCAAAGCCACGUAGGCUAGCUACAACGAGAGCACGU,-6.72,3.89,2.23,0.00181504,0.0268297,75ACGUGCUC&32GAGCACGU,75||||||||&32||||||||,-12.84,76:78:77:75,80:82:81:79,34:32:33:35,38:36:37:39,-2.68:-1.95:-1.8:-0.74,2.11:2.31:2.66:3.22,1.48:1.67:2:1.45,0.03259677564799577:0.02356369159394146:0.01335406640468159:0.0053827703796065201,0.090595845125719582:0.066561566281311005:0.038966093274444599:0.095114773422173421,0.675112
GU-87-88,GGAGUCUCCAAAGCCAGGCUAGCUACAACGAGUACGAGC,-8.68,16.06,5.06,4.82187e-12,0.000271918,79GCUCGUACGUGGCUUUGGAGA&5UCUCCAAAGCCAGGCUAGCUACAACGAGUACGAGC,79||||||||.||||||||||||&5||||||||||||.|..............|||||||,-29.8,79:80:94:81:95:88,83:84:98:85:99:92,35:34:6:33:5:12,39:38:10:37:9:16,-3.83:-2.48:-0.87:-0.63:-0.56:-0.04,2.67:1.61:4.32:2.03:4.12:6.3,0.63:0.71:1.89:1.11:2.01:0.72,0.013139140776415393:0.073367365903421397:0.00090340737179592332:0.03711480377266993:0.0012497263979107892:3.6363328323314334e-05,0.359804311144306:0.31600491489568505:0.046579957523070967:0.16513198844369389:0.03833895755231332:0.31091900676770456,0.610348
GU-113-114,CGUGCCUCUGAUAAGAGGCUAGCUACAACGACUCCUCCA,-5.93,7.18,0.05,8.72099e-06,0.922077,105UGGAGGAG&32CUCCUCCA,105||||||||&32||||||||,-13.16,106:105:107:108,110:109:111:112,34:35:33:32,38:39:37:36,-3.67:-1.99:-1.06:-0.44,5.77:3.49:5.03:4.99,0.04:0.04:0.04:0.04,8.5927387476290547e-05:0.0034733502606909125:0.00028548116964050534:0.00030462372896548147,0.93715998622305208:0.93715998622305208:0.93715998622305208:0.93715998622305208,0.364553
GU-129-130,AUCUUUAAGAUGUUGAGGCUAGCUACAACGAGUGCCUCU,-11.3,4.71,9.58,0.000479808,1.77578e-07,121AGAGGCACGUCAACAUCUUAA&5UUAAGAUGUUGAGGCUAGCUACAACGAGUGCCUCU,121||||||||.||||||||||||&5||||||||||||.|..............|||||||,-25.59,134:133:136:137:135:132:122,138:137:140:141:139:136:126,8:9:6:5:7:10:34,12:13:10:9:11:14:38,-3.31:-3.3:-1.73:-1.54:-1.41:-0.3:-0.06,1.07:1.08:0.95:0.86:0.98:1.08:4.33,0.5:0.5:0.49:0.49:0.49:0.48:4.83,0.17620469383163689:0.17336878577355347:0.21408008141181548:0.24773955449961921:0.20390907954962245:0.17336878577355347:0.00088886757612024179,0.44429529732476952:0.44429529732476952:0.45156292977792412:0.45156292977792412:0.45156292977792412:0.45894944370876301:0.00039491968401469008,3.45564
GU-153-154,AACUUCUACUAAGCCAGGCUAGCUACAACGAAAGUGCCA,-13.27,5.12,0.11,0.000246694,0.836542,154UGGCUUAGUAGA&5UCUACUAAGCCA,154||||||||||||&5||||||||||||,-18.5,155:154:160:161:156:157:159:158,159:158:164:165:160:161:163:162,11:12:6:5:10:9:7:8,15:16:10:9:14:13:11:12,-3.44:-3.19:-2.75:-2.62:-2.11:-2.08:-1.92:-1.21,3.05:3.17:0.96:1.98:1.76:1.51:1.29:1.51,0.1:0.1:0.04:0.08:0.1:0.1:0.06:0.1,0.0070924693930395554:0.0058376584578494805:0.21063459188058303:0.040251307946520355:0.057518088127598156:0.086291612319921565:0.12330850387978151:0.086291612319921565,0.850225924988118:0.850225924988118:0.93715998622305208:0.87826883977759107:0.850225924988118:0.850225924988118:0.90723669115953587:0.850225924988118,0.325158
GU-161-162,CCUUUUUCAACUUCUAGGCUAGCUACAACGAUAAGCCAC,-12.78,8.18,4.45,1.72151e-06,0.000731608,152UGUGGCUUAGUAGAAGUUGAAA&5UUUCAACUUCUAGGCUAGCUACA,152|||||||...||||||||||||&5||||||||||||....|||||||,-25.41,153:152:167:154:166:163:164,157:156:171:158:170:167:168,22:23:7:21:8:11:10,26:27:11:25:12:15:14,-3.37:-0.8:-0.62:-0.51:-0.49:-0.38:-0.31,3.16:2.88:4.31:3.17:4.34:3.65:4.25,0.35:0.31:0:0.44:0:0:0,0.0059331489037627244:0.0093452104666742232:0.00091818500453976978:0.0058376584578494805:0.00087456178966884956:0.0026791901017917748:0.0010120677585980791,0.56672216878424508:0.60472296845307305:1:0.48972368694316948:1:1:1,0.69386
GU-167-168,AAAACGCCUUUUUCAAGGCUAGCUACAACGAUUCUACUA,-8.25,7.89,5.89,2.75588e-06,7.0725e-05,159UAGUAGAAGUUGAAAAAGGCG&5CGCCUUUUUCAAGGCUAGCUACAACGAUUCUACUA,159|||||||||||||||||||||&5|||||||||||..|||............|||||||,-22.03,160:161:159,164:165:163,34:33:35,38:37:39,-2.81:-2.67:-1.52,0.96:1.98:1.29,0.03:0.03:0.03,0.21063459188058303:0.040251307946520355:0.12330850387978151,0.95248973283680904:0.95248973283680904:0.95248973283680904,0.67763
GU-179-180,UCAAGUUGAGGCAAAAGGCUAGCUACAACGAGCCUUUUU,-10.38,3.53,1.06,0.00325508,0.179087,183UGCCUCAAC&5GUUGAGGCA,183|||||||||&5|||||||||,-14.97,184:185:183:187:186,188:189:187:191:190,8:7:9:5:6,12:11:13:9:10,-5.34:-3.76:-1.96:-1.87:-1.67,3.28:2.88:3.54:2.52:2.75,0.23:0.22:1.04:0.21:0.22,0.0048834467884657819:0.0093452104666742232:0.0032026962584811944:0.016759669529719572:0.01153969792537678,0.68853970568534617:0.69980260569904251:0.18499379862798601:0.71124974042813871:0.69980260569904251,0.621557
GU-206-207,GAACGUUUGAUGAACAGGCUAGCUACAACGAAUAGGGCU,-13.39,6.86,4.54,1.46574e-05,0.000632207,198AGCCCUAUGUGUUCAUCAAAC&5GUUUGAUGAACAGGCUAGCUACAACGAAUAGGGCU,198||||||||.||||||||||||&5||||||||||||.|..............|||||||,-24.79,199:200:198:210:211:208:214:207,203:204:202:214:215:212:218:211,34:33:35:9:8:11:5:12,38:37:39:13:12:15:9:16,-5.68:-4.38:-4.2:-2.08:-1.81:-0.93:-0.65:-0.59,0.79:0.77:2.61:1.33:1.24:1.78:0.99:1.93,1.67:1.84:1.67:1.89:1.83:1.87:2.01:1.96,0.27753726996944972:0.28669125338011198:0.01448259412835509:0.11555979579716118:0.13372907997817871:0.05568154927848664:0.20062728614652683:0.04365287235059153,0.066561566281311005:0.050516344526050881:0.066561566281311005:0.046579957523070967:0.051342673832489381:0.048116299501510397:0.03833895755231332:0.041578912722774253,0.475552
GU-208-209,CCGAACGUUUGAUGAAGGCUAGCUACAACGAACAUAGGG,-8.73,8.24,7.36,1.56182e-06,6.5122e-06,200CCCUAUGUGUUCAUCAAACGU&5ACGUUUGAUGAAGGCUAGCUACAACGAACAUAGGG,200||||||||.||||||||||||&5||||||||||||.||..............||||||,-24.33,200:201,204:205,35:34,39:38,-3.65:-2.1,0.77:0.81,1.69:1.69,0.28669125338011198:0.26867557106797529,0.064436271329535916:0.064436271329535916,0.863615
GU-219-220,AGUUCGAGCAUCCGAAGGCUAGCUACAACGAGUUUGAUG,-13.94,7.22,5.52,8.17296e-06,0.000128913,211CAUCAAACGUUCGGAUGCUCG&5CGAGCAUCCGAAGGCUAGCUACAACGAGUUUGAUG,211||||||||.||||||||||||&5||||||||||||.|..............|||||||,-26.68,224:221:220:222:225:211:212:213,228:225:224:226:229:215:216:217,8:11:12:10:7:35:34:33,12:15:16:14:11:39:38:37,-3.43:-2.65:-2.29:-1.86:-1.82:-1.78:-0.7:-0.08,0.93:2.62:2.33:3.01:0.93:1.24:0.9:0.53,1.54:1.23:1.31:1.23:1.53:0.96:1.07:1.15,0.22114106285770455:0.014249505528401008:0.022811308535854526:0.0075680454749499819:0.22114106285770455:0.13372907997817871:0.23217159748176816:0.42318670904952038,0.082191874764659584:0.13591657511358074:0.11937129273154835:0.13591657511358074:0.083536341699200684:0.21063459188058303:0.17620469383163689:0.15475509201487742,0.870437
GU-246-247,CUCAACCAUAACAUGAGGCUAGCUACAACGACAUGAGGU,-13.77,8.06,3.22,2.09155e-06,0.00538277,238ACCUCAUGGUCAUGUUAUGGU&5ACCAUAACAUGAGGCUAGCUACAACGACAUGAGGU,238||||||||.||||||||||||&5||||||||||||...............||||||||,-25.05,253:238:239:254:251:252:241:247:248:250:240,257:242:243:258:255:256:245:251:252:254:244,6:35:34:5:8:7:32:12:11:9:33,10:39:38:9:12:11:36:16:15:13:37,-3.75:-3.06:-2.95:-2.92:-1.57:-1.2:-1.06:-0.78:-0.72:-0.63:-0.44,1.17:2.4:2.6:1.2:1:1.07:2.41:1.77:1.52:0.92:2.61,0.27:1.18:1.19:0.27:0.34:0.27:0.99:1.71:1.26:0.34:1.06,0.14981379880025161:0.020362178437685265:0.014719495512922664:0.14269610519451911:0.19739831122490537:0.17620469383163689:0.020034461481593619:0.05659236926018555:0.084902800969885103:0.22475841369357205:0.01448259412835509,0.64527186109410339:0.14740263624838637:0.14503027990060965:0.64527186109410339:0.57599241866214967:0.64527186109410339:0.20062728614652683:0.062378836539178174:0.12945914231802855:0.57599241866214967:0.17908699071616341,0.70126
GU-251-252,ACCAGCUCAACCAUAAGGCUAGCUACAACGAAUGACCAU,-17.08,4.75,4.27,0.000449657,0.000979753,243AUGGUCAUGUUAUGGUUGAGC&5GCUCAACCAUAAGGCUAGCUACAACGAAUGACCAU,243||||||||.||||||||||||&5||||||||||||.|..............|||||||,-26.1,245:244:253:259:243:254:256,249:248:257:263:247:258:260,33:34:11:5:35:10:8,37:38:15:9:39:14:12,-4.73:-4.67:-2.33:-1.79:-1.64:-1.54:-0.22,2.34:2.51:1.17:1.94:2.76:1.2:3.31,0.04:0.04:1.68:3.1:0.01:1.68:1.9,0.022444174310962271:0.017033818544826766:0.14981379880025161:0.042950305751680067:0.011353973461273164:0.14269610519451911:0.0046514329268685416,0.93715998622305208:0.93715998622305208:0.065490298098431682:0.0065398026353845869:0.98390560434903551:0.065490298098431682:0.045830281257289544,0.732092
GU-257-258,UCUGCUACCAGCUCAAGGCUAGCUACAACGACAUAACAU,-9.27,9.24,5.45,3.083e-07,0.000144418,251GUUAUGGUUGAGCUGGUAG&5CUACCAGCUCAAGGCUAGC,251||||...||||||||||||&5||||||||||||...||||,-23.96,259:260:258:262,263:264:262:266,11:10:12:8,15:14:16:12,-4.71:-4.04:-1.77:-0.01,1.94:2.02:1.9:4.04,0.21:0.21:0.21:3.58,0.042950305751680067:0.037721915200620834:0.045830281257289544:0.0014229428864028293,0.71124974042813871:0.71124974042813871:0.71124974042813871:0.0030014387814748561,0.774022
GU-266-267,CCUUCGAGUUCUGCUAGGCUAGCUACAACGACAGCUCAA,-16.56,10.65,5.58,3.12901e-08,0.000116954,257GUUGAGCUGGUAGCAGAACUCG&5CGAGUUCUGCUAGGCUAGCUACAAC,257||||||||||||||||||||||&5|||||||||||..|||||||.||||,-32.79,274:273:272:268:269:271:263,278:277:276:272:273:275:267,5:6:7:11:10:8:18,9:10:11:15:14:12:22,-3.72:-2.18:-1.79:-1.64:-1.53:-1.51:-1.03,1.12:1.11:1.11:3.27:3.23:1.12:1.66,1.81:1.79:1.32:1.55:1.75:1.37:0.43,0.16247428888705059:0.16513198844369389:0.16513198844369389:0.0049633285620897831:0.0052961379434188407:0.16247428888705059:0.067650357907402078,0.053036103996205355:0.054785388393940003:0.11745008391695971:0.080869046212902668:0.058458949591666226:0.10829801663720626:0.49773442165437909,92.9977
GU-289-290,CACCACUACGACCGUAGGCUAGCUACAACGAUGAAUGCC,-14.99,8.07,4.44,2.05789e-06,0.000743575,281GGCAUUCAGUACGGUCGUAGU&5ACUACGACCGUAGGCUAGCUACAACGAUGAAUGCC,281||||||||.||||||||||||&5||||||||||||...............||||||||,-27.5,293:292:294:296:281:295:291:290:297:283:282:284,297:296:298:300:285:299:295:294:301:287:286:288,9:10:8:6:35:7:11:12:5:33:34:32,13:14:12:10:39:11:15:16:9:37:38:36,-5.58:-5.15:-4.48:-3.53:-3.05:-2.75:-2.57:-1.96:-1.91:-1.64:-1.02:-0.37,1.1:1.6:0.64:1.4:2.45:0.65:1.53:1.89:2.06:2.35:2.67:1.54,0.69:1.87:0.65:0.66:0.27:0.65:1.89:1.89:0.64:0.37:0.27:0.21,0.16783316175228755:0.074567484501688736:0.35401347820382689:0.10315274893352894:0.018775495646076539:0.34831584521984038:0.083536341699200684:0.046579957523070967:0.035351469529720958:0.02208294888954242:0.013139140776415393:0.082191874764659584,0.3264276727074964:0.048116299501510397:0.34831584521984038:0.34270991219537217:0.64527186109410339:0.34831584521984038:0.046579957523070967:0.046579957523070967:0.35401347820382689:0.54862686496753843:0.64527186109410339:0.71124974042813871,0.399484
GU-294-295,UGUCUCACCACUACGAGGCUAGCUACAACGACGUACUGA,-11.72,2.67,1.76,0.0131391,0.0575181,286UCAGUACGGUCGU&28ACGACGUACUGA,286||||||||.||||&28||||||||||||,-16.15,289:288:287:286,293:292:291:290,32:33:34:35,36:37:38:39,-2.39:-1.41:-1.26:-1.09,1.68:1.41:1.59:1.78,1.72:1.73:1.73:1.65,0.065490298098431682:0.10149256777970811:0.07578723423475521:0.05568154927848664,0.061374886863669799:0.060387095151452713:0.060387095151452713:0.068756959619272029,0.58305
GU-297-298,AAGUGUCUCACCACUAGGCUAGCUACAACGAGACCGUAC,-13.5,10.52,6.84,3.86378e-08,1.51408e-05,289GUACGGUCGUAGUGGUGAGAC&5GUCUCACCACUAGGCUAGCUACAACGAGACCGUAC,289||||||||.||||||||||||&5||||||||||||...............||||||||,-30.86,292:300:299:303:289:291:290:298:301:304:302,296:304:303:307:293:295:294:302:305:308:306,32:10:11:7:35:33:34:12:9:6:8,36:14:15:11:39:37:38:16:13:10:12,-3.8:-3.01:-2.84:-2.14:-1.92:-1.32:-1.07:-0.92:-0.44:-0.44:-0.13,1.6:2.28:2.18:1.6:1.68:1.53:1.89:2.21:2.58:1.6:2.6,3.16:0.04:1.28:2.46:0.61:3.08:2.84:1.84:2.87:2.44:3.97,0.074567484501688736:0.024739050492189045:0.029097031465530485:0.074567484501688736:0.065490298098431682:0.083536341699200684:0.046579957523070967:0.027714623726947368:0.015204987129070091:0.074567484501688736:0.014719495512922664,0.0059331489037627244:0.93715998622305208:0.1253255427499714:0.018473315390605632:0.37167169996621929:0.0067555042773294847:0.0099718410986979374:0.050516344526050881:0.0094980762639899109:0.019082618864132456:0.0015940921699497815,0.867429
GU-300-301,ACCAAGUGUCUCACCAGGCUAGCUACAACGAUACGACCG,-14.92,11.17,4.15,1.34582e-08,0.00119035,292CGGUCGUAGUGGUGAGACACU&5AGUGUCUCACCAGGCUAGCUACAACGAUACGACCG,292||||||||.||||||||||||&5||||||||||||...............||||||||,-30.24,293:292:294:301:302:295:303,297:296:298:305:306:299:307,34:35:33:12:11:32:10,38:39:37:16:15:36:14,-5.76:-5.31:-4.13:-3.31:-3.05:-2.34:-1.09,1.1:1.6:0.64:2.58:2.6:0.65:1.6,1.05:0.03:1.02:0.95:0.13:1.02:2.61,0.16783316175228755:0.074567484501688736:0.35401347820382689:0.015204987129070091:0.014719495512922664:0.34831584521984038:0.074567484501688736,0.18201643523989236:0.95248973283680904:0.19109543018147937:0.21408008141181548:0.80983146414286133:0.19109543018147937:0.01448259412835509,0.767981
GU-303-304,GACACCAAGUGUCUCAGGCUAGCUACAACGACACUACGA,-12.82,9.61,7.04,1.69142e-07,1.09451e-05,294GUCGUAGUGGUGAGACACUUGG&5CCAAGUGUCUCAGGCUAGCUACAACGAC,294|||||.||||||||||||||||&5|||||||||||......|||||.|||||,-29.47,294:300,298:304,28:22,32:26,-3.49:-1.85,0.64:2.28,2.05:0.87,0.35401347820382689:0.024739050492189045,0.035929736931532119:0.24375233609110866,0.793638
GU-315-316,AUGAGGGACAAGGACAGGCUAGCUACAACGACAAGUGUC,-16.09,11.39,2.64,9.41807e-09,0.0137945,307GACACUUGGUGUCCUUGUCCC&5GGGACAAGGACAGGCUAGCUACAACGACAAGUGUC,307||||||||.||||||||||||&5||||||||||||...............||||||||,-30.12,323:317:322:316:319:307:321:318:308,327:321:326:320:323:311:325:322:312,5:11:6:12:9:35:7:10:34,9:15:10:16:13:39:11:14:38,-4.48:-2.94:-2.67:-2.65:-1.62:-1.05:-0.29:-0.17:-0.07,3.17:3.13:3.74:2.47:3.46:3.15:3.44:3.31:2.61,0.48:0.64:0.44:0.71:0.89:1.42:0.47:0.81:1.42,0.0058376584578494805:0.006229094864982924:0.0023151782777190498:0.018175998543724165:0.0036466012608306038:0.0060302013501469694:0.0037668767375282678:0.0046514329268685416:0.01448259412835509,0.45894944370876301:0.35401347820382689:0.48972368694316948:0.31600491489568505:0.23596938207845239:0.099859106238229162:0.46645678374035671:0.26867557106797529:0.099859106238229162,0.723803
GU-317-318,ACAUGAGGGACAAGGAGGCUAGCUACAACGAACCAAGUG,-15.92,9.91,3.97,1.03957e-07,0.00159409,313UGGUGUCCUUGUCCCUC&5GAGGGACAAGGAGGCUA,313||||.||||||||||||&5||||||||||||.||||,-29.8,325:323:319:324:322,329:327:323:328:326,5:7:11:6:8,9:11:15:10:12,-1.97:-1.85:-0.98:-0.29:-0.02,3.39:3.17:3.46:3.09:3.74,3.04:3.11:1.05:3.04:2.91,0.0040852085999841213:0.0058376584578494805:0.0036466012608306038:0.0066467785186683668:0.0023151782777190498,0.0072084856125319225:0.0064345484642914872:0.18201643523989236:0.0072084856125319225:0.0089012170207062816,329.967
GU-323-324,UCGCCCACAUGAGGGAGGCUAGCUACAACGAAAGGACAC,-15.42,10.51,5.53,3.92699e-08,0.000126838,315GUGUCCUUGUCCCUCAUGUGG&5CCACAUGAGGGAGGCUAGCUACAACGAAAGGACAC,315||||||||.||||||||||||&5||||||||||||.|..............|||||||,-31.46,317:329:328:316:315:325:326:327:324,321:333:332:320:319:329:330:331:328,33:7:8:34:35:11:10:9:12,37:11:12:38:39:15:14:13:16,-3.65:-3.6:-3.41:-3.21:-2.42:-2.33:-0.8:-0.65:-0.28,3.13:0.55:0.54:2.47:3.07:3.39:3.51:1.93:3.09,0.18:0.22:0.23:0.18:0.05:2.77:1.69:0.67:2.8,0.006229094864982924:0.40967445826202975:0.41637577471984782:0.018175998543724165:0.0068660085352385183:0.0040852085999841213:0.0033624470144602791:0.04365287235059153:0.0066467785186683668,0.74672693668814361:0.69980260569904251:0.68853970568534617:0.74672693668814361:0.92207696261652583:0.011171238120176872:0.064436271329535916:0.33719420327499255:0.010640489612543654,0.913432
GU-332-333,ACUGGUAUUUCGCCCAGGCUAGCUACAACGAAUGAGGGA,-12.64,11.74,5.16,5.33743e-09,0.000231192,324UCCCUCAUGUGGGCGAAAUAC&5GUAUUUCGCCCAGGCUAGCUACAACGAAUGAGGGA,324||||||||.||||||||||||&5||||||||||||.|..............|||||||,-29.54,334:325:336:333:335:326:324:337:338,338:329:340:337:339:330:328:341:342,11:34:9:12:10:33:35:8:7,15:38:13:16:14:37:39:12:11,-4.88:-4.76:-3.55:-3.28:-3.28:-3.05:-2.81:-1.45:-0.64,3.57:3.39:1.8:3.87:2.99:3.51:3.09:1.65:1.83,1.87:0.38:0.13:1.89:1.87:0.36:0.35:0.11:0.06,0.0030505353035982031:0.0040852085999841213:0.053903650677236174:0.0018749042143969654:0.00781766154538425:0.0033624470144602791:0.0066467785186683668:0.068756959619272029:0.051342673832489381,0.048116299501510397:0.53979704713800258:0.80983146414286133:0.046579957523070967:0.048116299501510397:0.55760111797565881:0.56672216878424508:0.83654205255865199:0.90723669115953587,0.720004
GU-347-348,ACCUUGCGGUAAGCCAGGCUAGCUACAACGAUGGUAUUU,-9.57,6.51,6.42,2.58634e-05,2.99299e-05,348UGGCUUACCGCA&5UGCGGUAAGCCA,348||||||||||||&5||||||||||||,-22.5,355:354,359:358,5:6,9:10,-0.46:-0.13,3.34:3.32,4.63:4.54,0.0044304421058213575:0.0045765709249995998,0.00054631118759482017:0.00063220683279051088,31.5806
GU-362-363,UUCUUACGAAGAAGAAGGCUAGCUACAACGACUUGCGGU,-9.71,4.31,2.2,0.000918185,0.028168,363UUCUUCUUCGUA&5UACGAAGAAGAA,363||||||||||||&5||||||||||||,-16.22,368:369:367:370:364,372:373:371:374:368,7:6:8:5:11,11:10:12:9:15,-4.33:-3.29:-1.78:-1.37:-0.09,0.3:0.31:1.35:1.37:2.69,0.21:0.2:1.15:1.1:1.91,0.61461482258063305:0.60472296845307305:0.11186999905172575:0.10829801663720626:0.012719611142080174,0.71124974042813871:0.72288412352190079:0.15475509201487742:0.16783316175228755:0.045092670577939746,0.694207
GU-372-373,UUUAUUACCGUUCUUAGGCUAGCUACAACGAGAAGAAGA,-12.11,7.83,3.94,3.03766e-06,0.00167361,363UUCUUCUUCGUAAGAACGGUAA&5UUACCGUUCUUAGGCUAGCUACAACGAGAAGAA,363|||||||||.||||||||||||&5||||||||||||.|...........||||||||,-23.88,379:378:380:364:365:376:377,383:382:384:368:369:380:381,6:7:5:32:31:9:8,10:11:9:36:35:13:12,-2.41:-1.92:-1.77:-1.72:-0.98:-0.67:-0.67,1.78:1.94:0.51:2.69:2.75:2.21:2.06,1.64:2.12:1.55:0.5:0.47:3.17:2.8,0.05568154927848664:0.042950305751680067:0.43714463302376178:0.012719611142080174:0.01153969792537678:0.027714623726947368:0.035351469529720958,0.069881662748290288:0.032072150243771205:0.080869046212902668:0.44429529732476952:0.46645678374035671:0.0058376584578494805:0.010640489612543654,1.09423
GU-381-382,ACCAGCUCCUUUAUUAGGCUAGCUACAACGACGUUCUUA,-7.57,8.02,5.49,2.2318e-06,0.000135343,373UAAGAACGGUAAUAAAGGAGC&5GCUCCUUUAUUAGGCUAGCUACAACGACGUUCUUA,373||||||||.||||||||||||&5||||||||||||...............||||||||,-21.08,376:375:389:373:374,380:379:393:377:378,32:33:5:35:34,36:37:9:39:38,-3.89:-2.6:-1.45:-0.43:-0.06,2.21:2.35:2.61:2.09:2.02,0.09:0.09:4.6:0.04:0.08,0.027714623726947368:0.02208294888954242:0.01448259412835509:0.03367191176775252:0.037721915200620834,0.864133633582297:0.864133633582297:0.00057356123510931352:0.93715998622305208:0.87826883977759107,0.551963
GU-396-397,GCCGUAACUAUGGCCAGGCUAGCUACAACGACAGCUCCU,-11.55,7.79,9.76,3.24135e-06,1.32603e-07,388AGGAGCUGGUGGCCAUAGUUA&5UAACUAUGGCCAGGCUAGCUACAACGACAGCUCCU,388||||||||.||||||||||||&5||||||||||||...............||||||||,-29.1,398:397:389,402:401:393,11:12:34,15:16:38,-2.18:-1.97:-1.78,3.15:3.12:2.61,3.76:3.81:4.29,0.0060302013501469694:0.0063309882954718736:0.01448259412835509,0.0022412551869477161:0.0020666097752292819:0.00094846940670457081,1.98634
GU-405-406,UAGAUCGGCGCCGUAAGGCUAGCUACAACGAUAUGGCCA,-15.1,5.87,2.03,7.30577e-05,0.0371148,407UACGGCGCCGA&5UCGGCGCCGUA,407|||||||||||&5|||||||||||,-23,413:410:411:412:409:408,417:414:415:416:413:412,5:8:7:6:9:10,9:12:11:10:13:14,-5.9:-3.39:-3.05:-2.45:-2.31:-1.02,0.95:4.44:4.78:5.29:4.72:4.96,0.65:2.02:2.01:2:2.03:1.9,0.21408008141181548:0.00074357510658046061:0.0004282936240962455:0.00018722625913197009:0.00047208587160297173:0.00031981838592445248,0.34831584521984038:0.037721915200620834:0.03833895755231332:0.038966093274444599:0.03711480377266993:0.045830281257289544,9.19162
GU-424-425,CGCCUAAGUCAAAUGAGGCUAGCUACAACGAUUUAGAUC,-5.82,4.78,6.9,0.000428294,1.37363e-05,416GAUCUAAAGUCAUUUGACUUA&5UAAGUCAAAUGAGGCUAGCUACAACGAUUUAGAUC,416||||||||.||||||||||||&5||||||||||||...............||||||||,-17.5,416:417:418,420:421:422,35:34:33,39:38:37,-2.18:-1.05:-0.41,0.24:0.24:0.48,1.85:1.86:1.85,0.67745807524064761:0.67745807524064761:0.45894944370876301,0.049703314490408185:0.048903369681835236:0.049703314490408185,0.575554
GU-501-502,UUCACGGGUAACACCAGGCUAGCUACAACGAUGCUAUGU,-11.27,11.11,5.87,1.48342e-08,7.30577e-05,493ACAUAGCAGUGGUGUUACCCG&5CGGGUAACACCAGGCUAGCUACAACGAUGCUAUGU,493||||||||.||||||||||||&5||||||||||||...............||||||||,-28.25,495:496:509:494,499:500:513:498,33:32:5:34,37:36:9:38,-1.66:-1.28:-0.93:-0.68,0.13:0.15:4.34:0.59,3.29:3.25:2.15:3.29,0.80983146414286133:0.78397373845086993:0.00087456178966884956:0.38393050966078013,0.0048048506637117776:0.0051270335207933039:0.030548393817191644:0.0048048506637117776,3.94501
GU-504-505,GAGUUCACGGGUAACAGGCUAGCUACAACGACACUGCUA,-13.61,11.99,3.41,3.55769e-09,0.00395477,496UAGCAGUGGUGUUACCCGUGA&5UCACGGGUAACAGGCUAGCUACAACGACACUGCUA,496||||||||.||||||||||||&5||||||||||||...............||||||||,-29.01,497:496:498:510:511:509:512:499:508,501:500:502:514:515:513:516:503:512,34:35:33:7:6:8:5:32:9,38:39:37:11:10:12:9:36:13,-4.43:-3.49:-3.28:-2.81:-2.35:-2.24:-1.7:-1.22:-1.09,0.67:0.15:2.04:4.7:4.65:4.34:2.96:3.5:4.69,0.88:0.85:0.88:0.81:0.67:0.83:0.59:0.96:0.76,0.33719420327499255:0.78397373845086993:0.036517463436244658:0.00048765663165814289:0.00052886760154417832:0.00087456178966884956:0.008207607154043367:0.0034174487873609724:0.0004956335541769606,0.23982928955321148:0.25179199448053441:0.23982928955321148:0.26867557106797529:0.33719420327499255:0.26009682410095297:0.38393050966078013:0.21063459188058303:0.29138085209890696,0.656683
GU-506-507,AUGAGUUCACGGGUAAGGCUAGCUACAACGAACCACUGC,-13.04,12.04,4.89,3.28046e-09,0.000358286,498GCAGUGGUGUUACCCGUGAAC&5GUUCACGGGUAAGGCUAGCUACAACGAACCACUGC,498||||||||.||||||||||||&5||||||||||||.|..............|||||||,-29.97,498:499:509:510:500,502:503:513:514:504,35:34:10:9:33,39:38:14:13:37,-2.81:-0.94:-0.41:-0.37:-0.09,2.04:3.5:4.34:4.7:4.37,0.57:0.97:2.67:2.61:2.25,0.036517463436244658:0.0034174487873609724:0.00087456178966884956:0.00048765663165814289:0.00083301112539096328,0.39659365042262729:0.2072445554210775:0.013139140776415393:0.01448259412835509:0.02597303639012306,0.954479
GU-513-514,CUCACGCAUGAGUUCAGGCUAGCUACAACGAGGGUAACA,-13.26,4.77,3.26,0.0004353,0.00504452,512CGUGAACUCAUGCG&5CGCAUGAGUUCAGG,512|.||||||||||||&5||||||||||||.|,-21.29,521:520:516:517:518,525:524:520:521:522,5:6:10:9:8,9:10:14:13:12,-3.58:-2.6:-0.74:-0.6:-0.04,0.65:1.39:1.58:1.62:1.71,1.31:1.65:2.63:2.66:2.65,0.34831584521984038:0.10484008677008817:0.077026936222095221:0.072186562488702657:0.062378836539178174,0.11937129273154835:0.068756959619272029:0.014020168348596316:0.01335406640468159:0.013572507713803309,86.6264
GU-525-526,CCCUCCGUUAAGCUCAGGCUAGCUACAACGAGCAUGAGU,-11.42,7.92,6.02,2.62494e-06,5.72753e-05,523GCGUGAGCUUAACGG&5CCGUUAAGCUCAGGC,523||.||||||||||||&5||||||||||||.||,-25.36,533:532,537:536,5:6,9:10,-1.3:-0.31,4.04:2.93,0.06:0.05,0.0014229428864028293:0.008617003282123132,0.90723669115953587:0.92207696261652583,0.961537
